1000000 0.00000600000000000000
500000 0.00000500000000000000
250000 0.00000480000000000000
125000 0.00000368000000000000
62500 0.00000346800000000000
31250 0.00000274680000000000
15625 0.00000217468000000000
7812 0.00000171746800000000
3906 0.00000127174680000000
1953 0.00000162717468000000
976 0.00000296271746800000
488 0.00000119627174680000
244 0.00000101962717468000
122 0.00000200196271746800
61 0.00000170019627174680
30 0.00000067001962717468
15 0.00000126700196271747
7 0.00000052670019627175
3 0.00000045267001962717
1 0.00000034526700196272
