10000000 0.00000000000000000000
5000000 0.00000000000000000000
2500000 0.00000000000000000000
1250000 0.00000000000000000000
625000 0.00000000000000000000
312500 0.00000000000000000000
156250 0.00000000000000000000
78125 0.00000000000000000000
39062 0.00000000000000000000
19531 0.00000000000000000000
9765 0.00000000000000000000
4882 0.00000000000000000000
2441 0.00000000000000000000
1220 0.00000000000000000000
610 0.00000000000000000000
305 0.00000000000000000000
152 0.00000000000000000000
76 0.00000000000000000000
38 0.00000000000000000000
19 0.00000000000000000000
9 0.00000000000000000000
4 0.00000000000000000000
2 0.00000000000000000000
1 0.00000000000000000000
