10000000 0.00000070000000000000
5000000 0.00000097000000000000
2500000 0.00000069700000000000
1250000 0.00000086970000000000
625000 0.00000078697000000000
312500 0.00000097869700000000
156250 0.00000089786970000000
78125 0.00000088978697000000
39062 0.00000078897869700000
19531 0.00000017889786970000
9765 0.00000031788978697000
4882 0.00000033178897869700
2441 0.00000043317889786970
1220 0.00000034331788978697
610 0.00000023433178897870
305 0.00000042343317889787
152 0.00000024234331788979
76 0.00000012423433178898
38 0.00000031242343317890
19 0.00000023124234331789
9 0.00000042312423433179
4 0.00000024231242343318
2 0.00000022423124234332
1 0.00000012242312423433
