10000000 1.79870719999999999997
5000000 1.04428842000000000000
2500000 0.50060674200000000001
1250000 0.22240997419999999998
625000 0.10090559742000000000
312500 0.04502845974199999999
156250 0.02054764597420000000
78125 0.00962946459742000000
39062 0.00466184645974200000
19531 0.00202448464597420000
9765 0.00056904846459742000
4882 0.00021040484645974200
2441 0.00009444048464597420
1220 0.00004364404846459742
610 0.00002136440484645974
305 0.00001083644048464597
152 0.00000548364404846460
76 0.00000284836440484646
38 0.00000178483644048465
19 0.00000087848364404846
9 0.00000058784836440485
4 0.00000055878483644048
2 0.00000035587848364405
1 0.00000013558784836440
