4000000 0.00000349000000000000
2000000 0.00000329490000000000
1000000 0.00000395294900000000
500000 0.00000360952949000000
250000 0.00000329609529490000
125000 0.00000288296095294900
62500 0.00000227882960952949
31250 0.00000188278829609529
15625 0.00000124882788296095
7812 0.00000100248827882961
3906 0.00000040002488278830
1953 0.00000023400024882788
976 0.00000028234000248828
488 0.00000020282340002488
244 0.00000030202823400025
122 0.00000020302028234000
61 0.00000026203020282340
30 0.00000024262030202823
15 0.00000020242620302028
7 0.00000027202426203020
3 0.00000021272024262030
1 0.00000025212720242620
