8000000 0.00000620000000000000
4000000 0.00000712000000000000
2000000 0.00000601200000000000
1000000 0.00000640120000000000
500000 0.00000614012000000000
250000 0.00000521401200000000
125000 0.00000512140120000000
62500 0.00000501214012000000
31250 0.00000290121401200000
15625 0.00000229012140120000
7812 0.00000132901214012000
3906 0.00000123290121401200
1953 0.00000102329012140120
976 0.00000040232901214012
488 0.00000024023290121401
244 0.00000042402329012140
122 0.00000044240232901214
61 0.00000034424023290121
30 0.00000043442402329012
15 0.00000024344240232901
7 0.00000052434424023290
3 0.00000045243442402329
1 0.00000054524344240233
