1000000 0.00000196500000000000
666666 0.00000130982500000000
444444 0.00000127154912500000
296296 0.00000153135774562500
197530 0.00000130265678872812
131686 0.00000104151328394364
87790 0.00000153020756641972
58526 0.00000144765103783210
39017 0.00000091223825518916
26011 0.00000116456119127595
17340 0.00000044082280595638
11560 0.00000029720411402978
7706 0.00000033148602057015
5137 0.00000031665743010285
3424 0.00000028658328715051
2282 0.00000022643291643575
1521 0.00000018613216458218
1014 0.00000022093066082291
676 0.00000021610465330411
450 0.00000024108052326652
300 0.00000017120540261633
200 0.00000014585602701308
133 0.00000020072928013507
88 0.00000018100364640068
58 0.00000019590501823200
38 0.00000018097952509116
25 0.00000025090489762546
16 0.00000020625452448813
10 0.00000021603127262244
6 0.00000020108015636311
4 0.00000019600540078182
2 0.00000016098002700391
1 0.00000025080490013502
