8000000 0.00000430000000000000
4000000 0.00000563000000000000
2000000 0.00000856300000000000
1000000 0.00000525630000000000
500000 0.00000532563000000000
250000 0.00000413256300000000
125000 0.00000431325630000000
62500 0.00000373132563000000
31250 0.00000247313256300000
15625 0.00000204731325630000
7812 0.00000160473132563000
3906 0.00000106047313256300
1953 0.00000080604731325630
976 0.00000058060473132563
488 0.00000055806047313256
244 0.00000045580604731326
122 0.00000024558060473133
61 0.00000022455806047313
30 0.00000022245580604731
15 0.00000002224558060473
7 0.00000050222455806047
3 0.00000025022245580605
1 0.00000052502224558060
