1000000 0.10997691000000000000
666666 0.07712675455000000004
444444 0.05003396877275000000
296296 0.03356300484386375000
197530 0.02269072502421931875
131686 0.01459495862512109659
87790 0.00987810479312560548
58526 0.00684151552396562803
39017 0.00437301757761982814
26011 0.00172558508788809914
17340 0.00055151292543944050
11560 0.00029939256462719720
7706 0.00018342696282313599
5137 0.00010957713481411568
3424 0.00005269788567407058
2282 0.00000750848942837035
1521 0.00000514254244714185
1014 0.00000363571271223571
676 0.00000241817856356118
450 0.00000175709089281781
300 0.00000125878545446409
200 0.00000090629392727232
133 0.00000054953146963636
88 0.00000046274765734818
58 0.00000041731373828674
38 0.00000041208656869143
25 0.00000036206043284346
16 0.00000033181030216422
10 0.00000039165905151082
6 0.00000034695829525755
4 0.00000032173479147629
2 0.00000032160867395738
1 0.00000033160804336979
